list(Y=20, P=5, N.sd=349, N.br=1492,
Nrep=structure(
.Data=c(
# pop 2 1988-1999
15, 23, 14,
10, 14, 2,
3, 16, 6,
7, 10, 12,
9, 10, 7,
4, 10, 5,
2, 10, 4,
5, 6, 7,
7, 6, 2,
2, 4, 1,
5, 8, 6,
3, 9, 6,
4, 10, 6,
9, 4, 4,
4, 6, 7,
6, 9, 9,
9, 9, 9,
10, 11, 11,
5, 12, 9,
5, 9, 7,

# pop 4 1988-1999
15, 17, 3,
14, 5, 1,
16, 4, 2,
4, 6, 2,
6, 6, 2,
3, 7, 0,
3, 3, 1,
2, 2, 1,
3, 3, 1,
0, 0, 0, # tsf=0
0, 0, 0, # tsf=1
8, 0, 0, # tsf=2
6, 9, 16,
12, 13, 15,
4, 12, 23,
9, 5, 19,
2, 4, 15,
0, 9, 10,
2, 6, 4,
1, 5, 3,

# pop 10 1988-1999
11, 10, 29,
3, 13, 26,
10, 9, 32,
5, 14, 25,
7, 13, 20,
6, 6, 15,
4, 6, 8,
0, 0, 0, # tsf=0
0, 0, 0, # tsf=1
0, 0, 0, # tsf=2
0, 3, 2,
2, 6, 11,
5, 10, 12,
1, 2, 0,
0, 2, 3,
0, 0, 5,
1, 3, 5,
0, 1, 8,
1, 0, 5,
2, 0, 5,

# pop 12 1988-1999
17, 29, 21,
0, 0, 0, # tsf=0
0, 0, 0, # tsf=1
0, 0, 0, # tsf=2
2, 7, 2,
2, 7, 9,
1, 3, 14,
1, 4, 12,
6, 2, 11,
1, 4, 9,
4, 4, 9,
1, 8, 7,
1, 3, 4,
1, 0, 0,
0, 2, 0,
1, 1, 4,
2, 2, 7,
7, 9, 4,
0, 0, 0,
2, 0, 0,

# pop 19 1988-1999
0, 0, 0, # no data yet
0, 0, 0, # no data yet
17, 15, 10,
8, 17, 15,
6, 16, 19,
6, 7, 23,
6, 3, 12,
3, 1, 10,
0, 1, 0,
0, 0, 0,
0, 0, 0,
0, 0, 0,
2, 1, 0,
1, 2, 2,
0, 4, 1,
0, 4, 6,
0, 2, 8,
3, 2, 9,
0, 1, 8,
3, 3, 7
),
.Dim = c(5,20,3)),

### number of sdlgs that survived to first annual census (survival code 5)
# check zeros here!!!!
Nsdlg=structure(
.Data=c(
# pop 2 
63, 5, 47, 17, 44, 38, 19, 32, 13, 4, 11, 5, 8, 6, 7, 31, 7, 5, 4, 6,
# pop 4
0, 8, 25, 5, 22, 1, NA, 8, 16, 3, NA, 63, 10, NA, 64, 28, 8, 1, 2, 5,
# pop 10
0, 1, 17, 13, 4, 2, 1, NA, NA, 17, 37, 5, 2, NA, 5, 6, 0, 2, 3, 0,
# pop 12
0, 5, 0, 17, 4, 10, 22, 7, 7, NA, 0, NA, 6, 1, 12, 14, 9, 1, 0, 9,
# pop 19
NA, NA, 8, 15, 10, 23, 12, 2, 4, 1, 3, 3, 1, NA, 7, 6, 2, 1, 4, 1),
.Dim=c(5,20)),

### total number of seedlings detected per year...includes those that died before the annual
### census in Sept (survival code 7)
# check zeros here too!!! 
Ngerm=structure(
.Data=c(
# pop 2
0, 32, 94, 39, 142, 99, 69, 86, 28, 9, 42, 9, 18, 7, 66, 41, 10, 6, 30, 9,
# pop 4
0, 8, 25, 5, 22, 1, NA, 8, 16, 3, NA, 86, 16, NA, 263, 52, 14, 1, 7, 5,
# pop 10
0, 1, 17, 13, 4, 2, 1, NA, NA, 18, 60, 11, 28, NA, 10, 8, 2, 2, 3, 1,
# pop 12
0, 5, 64, 30, 9, 20, 53, 14, 9, NA, 6, NA, 34, 2, 29, 16, 13, 1, 1, 12,
# pop 19
NA, NA, 24, 15, 10, 23, 12, 2, 4, 1, 3, 3, 1, NA, 14, 7, 3, 1, 4, 1),
.Dim=c(5,20)))
